ID	x	y
1	25.0514	5.7475
2	26.6614	7.3414
3	25.2653	6.2466
4	25.2285	4.7447
5	25.7529	5.1564
6	24.0785	5.6693
7	25.2722	6.8676
8	24.6535	6.2443
9	26.9834	6.633
10	25.7437	6.3179
11	26.4774	7.7416
12	26.7373	4.4756
13	27.1812	6.2972
14	25.4999	5.6739
15	25.3021	6.1431
16	23.3609	5.6601
17	25.5482	5.7107
18	26.2198	5.7337
19	25.884	6.3294
20	24.4649	5.7521
21	24.7708	6.7572
22	25.3274	5.6463
23	25.999	4.8551
24	25.0238	6.2742
25	25.8242	6.7848
26	25.4286	6.2834
27	27.3445	6.4697
28	24.6236	6.1178
29	27.126	6.1109
30	25.677	5.9085
31	25.539	6.3777
32	25.0491	6.0603
33	26.5924	6.0925
34	25.217	7.7531
35	25.2492	5.6486
36	24.941	5.0184
37	25.2814	7.5461
38	24.8191	6.1316
39	26.0105	6.8377
40	25.0215	6.564
41	25.1618	6.3064
42	25.8955	5.4393
43	24.8375	5.4416
44	25.4562	6.702
45	25.7161	5.5152
46	26.7212	4.7424
47	24.4649	7.2471
48	24.6328	5.3473
49	25.7253	6.7296
50	27.1168	5.6946
51	26.4958	5.9039
52	25.1158	6.1914
53	25.6103	7.6197
54	26.3026	6.7802
55	24.7915	6.2627
56	25.0997	5.8004
57	25.4838	7.0148
58	25.4217	7.3138
59	27.1306	6.9573
60	24.3338	5.1679
61	24.6236	5.6877
62	25.5183	4.8229
63	26.39	7.0401
64	24.3039	4.8827
65	25.5275	4.9333
66	24.8973	7.1919
67	24.7731	6.0925
68	26.5855	6.8423
69	25.6356	5.6371
70	26.7718	5.5336
71	24.8536	5.5152
72	25.8587	5.2208
73	25.2538	5.5727
74	25.4838	4.9333
75	25.5436	5.9844
76	23.1838	5.7314
77	27.7102	6.2535
78	25.1204	4.6504
79	25.2538	5.5681
80	25.5137	6.357
81	27.2249	5.5727
82	24.6581	5.9936
83	25.1894	5.4991
84	25.2446	5.9591
85	24.8007	4.4158
86	26.275	5.5888
87	25.8748	6.5456
88	24.6328	6.7503
89	24.8766	4.4664
90	26.4498	6.6997
91	25.148	5.9292
92	24.5914	5.8004
93	25.6954	5.9867
94	26.344	5.9522
95	26.8224	5.667
96	26.1347	5.0161
97	25.263	5.3082
98	24.6305	6.8354
99	25.8035	6.1937
100	26.0243	7.5576
101	18.4941	12.5877
102	18.1606	12.5486
103	17.9628	10.4625
104	17.7558	12.1231
105	17.4867	10.6626
106	16.7139	11.5849
107	17.259	11.7482
108	17.4959	11.5596
109	18.7908	10.497
110	18.3607	11.8287
111	17.2038	11.7689
112	16.96	10.6373
113	17.2866	12.2933
114	17.3694	11.5596
115	17.9858	11.5067
116	18.0272	12.6176
117	17.1026	13.1719
118	17.5212	11.8747
119	17.512	10.9915
120	16.7898	12.2128
121	17.1233	11.6102
122	18.6137	11.3802
123	16.7714	11.3871
124	16.0676	10.8121
125	17.8041	11.7022
126	17.8984	9.945
127	16.638	12.9649
128	16.4632	10.658
129	18.5125	11.8425
130	17.9306	12.1898
131	17.6132	13.4686
132	16.7392	11.0306
133	18.4642	11.7137
134	17.3625	12.0035
135	17.5557	11.2123
136	17.6868	11.4354
137	18.5171	9.876
138	16.1251	10.6649
139	17.5419	11.8885
140	17.8961	11.8057
141	18.2365	11.7666
142	18.1008	11.3641
143	18.3653	12.0633
144	19.3635	11.6286
145	17.9237	11.5573
146	16.9853	12.3186
147	16.8749	11.5182
148	18.0272	11.9621
149	17.6293	11.3503
150	16.5575	11.3388
151	18.2388	11.4676
152	17.811	11.4768
153	16.1895	9.968
154	16.845	12.9235
155	17.4637	10.8213
156	17.6339	10.8144
157	17.4384	12.2128
158	17.9421	11.8057
159	16.615	12.0702
160	15.6398	11.2284
161	16.7415	11.8793
162	16.8197	12.1162
163	15.9181	11.4124
164	17.8363	11.8563
165	17.696	11.9414
166	16.845	10.6672
167	18.5378	11.6516
168	17.1877	11.9828
169	18.4527	11.2468
170	16.8956	11.1065
171	18.1422	11.9966
172	16.8059	11.1318
173	17.4913	10.428
174	16.3045	10.8765
175	17.4453	9.8668
176	17.5396	11.4791
177	17.7328	11.21
178	17.466	10.4234
179	18.4803	12.0955
180	17.2889	11.7873
181	18.3883	10.0025
182	17.6523	11.509
183	17.4982	11.9552
184	17.5948	11.3848
185	17.7328	11.6562
186	19.3934	12.5601
187	17.9651	12.5256
188	17.0428	11.3595
189	17.6086	11.7206
190	18.9817	11.6999
191	17.1992	12.5969
192	16.9163	11.4929
193	17.3096	11.1893
194	18.9403	11.6999
195	17.098	13.5744
196	16.3206	12.0679
197	18.4343	12.4474
198	18.3124	11.6631
199	16.7277	11.6654
200	18.2457	13.0201
201	8.4155	9.7633
202	7.1413	10.3981
203	7.691	11.969
204	8.6363	9.8139
205	7.8704	10.957
206	7.2103	11.1249
207	7.6289	9.899
208	7.5645	8.8824
209	7.5967	9.5241
210	8.1372	10.3015
211	7.8106	11.3227
212	8.9514	11.0628
213	8.8456	10.3866
214	8.6869	11.0007
215	7.6611	10.7592
216	8.1648	10.3061
217	9.1515	10.796
218	8.5029	9.1791
219	8.1441	10.8443
220	9.0756	9.3723
221	7.8428	9.9703
222	8.8295	10.4648
223	8.1993	9.7863
224	9.2021	11.0076
225	8.1625	10.474
226	8.2085	9.9634
227	8.8456	11.5619
228	9.209	11.0467
229	8.588	11.0329
230	7.8934	11.3756
231	7.898	10.2049
232	9.1584	10.8535
233	8.9813	9.7127
234	8.6271	11.8379
235	7.806	11.4975
236	7.9233	10.4004
237	8.8042	10.3015
238	8.8272	11.0283
239	9.715	9.9151
240	8.3189	9.0365
241	9.5954	9.1469
242	7.4081	9.8001
243	9.0733	8.9307
244	7.9118	9.0848
245	8.1717	9.0687
246	9.393	9.4735
247	7.5277	10.6994
248	7.3575	10.3268
249	10.1635	9.1239
250	9.4344	12.3485
251	8.8249	9.9335
252	7.6979	10.1405
253	9.002	11.1433
254	7.3253	9.6644
255	8.0636	11.1088
256	6.8768	10.4303
257	7.737	10.3613
258	7.0953	11.1433
259	9.6023	9.0526
260	6.0695	9.669
261	7.0815	10.4993
262	8.2729	11.1157
263	7.5461	10.7178
264	9.1837	9.8484
265	8.1694	10.7868
266	8.9951	9.5678
267	7.7324	9.5954
268	7.8359	9.4965
269	7.9095	9.0066
270	7.9969	10.7063
271	8.9905	10.8006
272	10.4004	9.9749
273	8.9215	10.0577
274	8.4914	10.2233
275	9.5678	10.5683
276	8.9491	9.7863
277	9.2527	10.8558
278	7.7577	9.9749
279	9.3102	11.6539
280	8.9836	9.7104
281	8.6892	9.7219
282	7.2816	10.2831
283	9.2435	10.6212
284	10.1681	9.0802
285	8.0314	9.5678
286	9.071	10.2187
287	8.3557	10.152
288	7.8175	8.6938
289	9.0089	10.3958
290	8.0774	10.6695
291	7.3138	11.6608
292	8.7927	10.0876
293	8.4592	10.3337
294	8.6823	9.0986
295	9.1722	10.5729
296	7.4564	11.325
297	8.8019	11.3342
298	8.2913	9.4229
299	7.7508	10.9478
300	7.7945	10.8995
301	24.0394	24.6765
302	24.6972	24.4442
303	23.8945	24.9916
304	23.837	24.8536
305	26.4199	24.7225
306	26.1853	23.7795
307	24.9111	24.8168
308	23.7197	23.4483
309	23.3218	22.9584
310	26.4015	24.6006
311	25.4332	25.4953
312	25.953	26.1692
313	24.0486	25.4286
314	23.8692	23.8531
315	24.3499	25.1388
316	24.1498	24.6788
317	24.596	24.458
318	24.6075	24.6029
319	24.9134	24.6052
320	24.8513	24.4856
321	24.6535	23.0642
322	24.0555	24.3729
323	23.4437	24.0555
324	25.102	25.3205
325	24.8536	24.9525
326	23.7266	26.1094
327	24.8513	23.4322
328	25.2009	24.711
329	24.1222	24.6926
330	24.6903	24.0325
331	23.9842	23.3839
332	25.5827	23.7864
333	24.6397	24.251
334	23.8393	24.3154
335	25.6678	23.6599
336	24.9433	24.0003
337	24.7064	24.3476
338	24.2441	23.6231
339	24.6282	23.423
340	23.3218	24.8766
341	24.6972	24.5523
342	26.0036	25.7782
343	26.0404	23.8761
344	25.9415	23.883
345	23.9359	23.8347
346	25.8058	24.6328
347	24.9318	23.8623
348	25.3021	24.5201
349	24.5891	24.297
350	23.2873	23.1148
351	24.0049	23.9129
352	24.9088	24.9295
353	24.1475	26.689
354	26.4843	23.7105
355	25.4447	24.0049
356	24.8007	24.5017
357	25.9668	25.079
358	24.3407	23.5886
359	24.3154	24.2188
360	25.9944	23.9796
361	24.435	24.297
362	24.6512	24.9433
363	24.4856	23.6553
364	25.2308	25.3205
365	25.7184	23.9359
366	24.5316	23.8071
367	24.8996	24.5868
368	25.4792	24.1912
369	24.665	23.239
370	26.1508	24.5753
371	25.1135	22.2385
372	24.6098	24.7087
373	24.3752	24.4787
374	26.0772	24.9088
375	24.0946	24.4672
376	23.4299	25.0652
377	24.6581	25.861
378	26.712	24.5224
379	25.6517	23.9451
380	24.8191	24.9778
381	24.2855	24.2694
382	25.5045	24.5247
383	24.8605	23.4437
384	25.4401	24.4189
385	25.2722	24.7708
386	24.7248	24.1107
387	24.5914	25.5781
388	25.1434	23.7036
389	25.0675	24.4925
390	24.297	23.975
391	23.262	24.7524
392	25.6862	23.1999
393	25.4953	24.9893
394	24.7593	24.366
395	24.9709	23.9796
396	24.4925	23.7795
397	24.3545	24.4028
398	24.665	23.6208
399	24.7984	24.4787
400	25.6632	23.9773
401	4.057	21.4519
402	5.7912	19.7499
403	3.9719	19.8787
404	5.3174	18.8092
405	5.7406	22.066
406	4.9172	20.7688
407	4.3951	20.1363
408	6.1868	19.2324
409	4.8045	21.1989
410	6.173	19.3359
411	6.7848	21.0448
412	4.9218	20.019
413	6.0672	19.8695
414	6.3248	19.9684
415	4.7424	20.41
416	4.6665	20.4514
417	4.3491	20.2697
418	5.0897	19.8902
419	5.7498	20.6883
420	6.0304	20.1501
421	4.2962	20.9275
422	4.1973	20.4997
423	4.3192	20.1708
424	6.1661	21.6704
425	5.115	19.7499
426	5.0069	20.8263
427	5.0621	20.1478
428	4.7286	19.2761
429	5.3013	19.4233
430	5.5704	19.4716
431	5.7337	20.502
432	7.1321	19.7384
433	5.5244	20.4353
434	5.3473	20.3893
435	5.3588	19.7062
436	5.7061	19.214
437	6.1638	19.766
438	4.931	20.0305
439	5.184	20.5963
440	5.6256	21.2702
441	5.9775	21.4726
442	5.4393	19.6602
443	6.2673	18.7494
444	4.9839	19.5705
445	4.7723	19.8373
446	5.1334	20.7734
447	4.2594	21.0816
448	6.012	19.7706
449	4.5676	19.9776
450	4.2042	20.9942
451	5.9016	20.1225
452	6.1592	21.0908
453	5.4117	19.3405
454	4.9724	20.0167
455	4.5906	19.3014
456	5.4531	20.7067
457	7.0355	19.6073
458	6.5134	21.4151
459	5.3864	20.8355
460	4.4756	20.2766
461	4.9632	20.1248
462	5.2898	19.7545
463	3.9604	21.5669
464	3.9627	20.8884
465	6.1523	18.9058
466	5.3105	18.5033
467	3.8293	20.8424
468	7.2701	20.0558
469	3.896	20.065
470	4.3376	19.7821
471	5.69	18.3952
472	5.4623	19.306
473	7.231	19.8856
474	4.6987	19.5751
475	6.6974	20.0121
476	6.1247	20.088
477	6.4214	20.571
478	5.322	19.5705
479	4.8758	20.4468
480	5.8694	20.3709
481	5.7406	21.3898
482	6.1753	20.4284
483	3.6499	20.364
484	5.6233	19.8304
485	5.3013	20.2444
486	6.2006	20.1892
487	5.6463	18.9334
488	5.5359	20.801
489	5.4209	21.2518
490	6.9987	21.7693
491	6.3455	20.0834
492	4.1904	21.2265
493	5.5681	21.0333
494	4.793	20.364
495	5.5566	20.3778
496	5.0552	18.2365
497	4.7677	20.5503
498	5.7613	19.5889
499	2.907	20.5641
500	6.5709	20.4031
501	28.0805	10.5315
502	27.3445	11.2123
503	26.8661	10.6672
504	26.6476	9.2412
505	25.7115	10.0508
506	26.367	10.3268
507	28.2346	10.4165
508	26.6361	9.784
509	27.3077	9.2964
510	26.7143	9.4712
511	25.953	8.2131
512	27.3445	9.3769
513	26.8615	10.3245
514	27.7148	11.1755
515	26.4291	10.3912
516	25.7598	9.3907
517	27.2479	10.1842
518	26.9857	10.5453
519	26.6338	10.1612
520	26.8753	11.2882
521	26.6223	10.2762
522	26.482	9.6644
523	29.5939	9.738
524	26.2543	10.3314
525	25.2377	9.7081
526	26.0312	10.06
527	27.9471	11.1686
528	26.6154	11.6355
529	26.6936	8.9675
530	25.8081	9.4574
531	27.3169	9.117
532	25.5321	10.566
533	27.2916	11.9713
534	26.7051	11.9782
535	26.7626	9.6253
536	27.9264	10.7109
537	27.0386	10.037
538	27.4986	10.4234
539	26.1577	9.5632
540	26.9213	11.9966
541	27.2433	9.1561
542	26.6959	10.2394
543	27.0708	10.8144
544	26.0197	10.9317
545	27.2663	11.4952
546	27.6136	9.7426
547	27.0478	10.2854
548	26.873	10.3613
549	26.9282	11.3917
550	27.6297	10.0209
551	27.0869	9.3033
552	25.746	11.4331
553	25.7598	10.5614
554	27.7447	10.9708
555	26.988	9.991
556	26.7189	10.2624
557	26.7718	10.267
558	27.402	10.9087
559	26.1485	10.6166
560	26.9811	10.2969
561	26.5694	9.2274
562	27.6757	9.5816
563	28.1817	10.8673
564	26.0726	10.911
565	26.5855	10.1451
566	27.1375	10.9432
567	27.31	9.3401
568	27.3123	10.2532
569	26.9098	8.2798
570	27.0179	9.6023
571	28.1518	10.5453
572	27.0179	10.6166
573	27.8942	10.4786
574	27.563	10.2739
575	27.0432	9.6
576	26.9443	10.865
577	26.321	10.5407
578	26.4084	12.6866
579	27.9287	10.9938
580	25.6701	10.9225
581	26.7051	10.3406
582	27.4296	9.7426
583	28	10.8903
584	27.3698	10.2279
585	26.9052	9.0319
586	27.2433	12.5624
587	26.1577	10.5292
588	27.0823	10.0876
589	26.8707	10.3475
590	26.3877	9.6989
591	26.3831	10.3038
592	27.0478	10.4809
593	26.7741	8.8272
594	26.6131	11.5734
595	26.7557	8.8387
596	25.7368	9.7403
597	26.0956	10.3751
598	25.8058	10.635
599	26.4245	10.2923
600	25.8357	10.451
601	19.9339	27.9149
602	21.1115	27.2065
603	21.3047	25.7023
604	20.4514	27.2134
605	21.6175	27.3767
606	23.2206	26.8247
607	21.0655	27.7194
608	21.4841	28.1242
609	21.5117	27.9517
610	23.0182	27.5423
611	21.5922	26.873
612	22.802	27.3836
613	20.847	28.2852
614	20.2053	27.6596
615	19.6993	27.8827
616	22.1603	28.483
617	21.7325	27.8804
618	22.6525	28.1564
619	21.0908	26.436
620	20.2076	28.023
621	20.686	27.7884
622	21.7808	27.8735
623	21.6037	28.2461
624	21.5485	26.9213
625	21.7831	26.7511
626	21.7003	27.2571
627	22.273	27.7723
628	22.5835	26.4222
629	21.7785	26.712
630	20.0788	26.6177
631	22.4202	29.104
632	20.5687	27.4618
633	20.5273	28.253
634	20.8838	27.448
635	20.9275	26.0404
636	20.7849	26.459
637	19.9017	26.2589
638	21.7325	26.5901
639	20.8999	27.8873
640	21.0195	26.505
641	21.5485	27.747
642	22.1672	26.9926
643	21.8268	26.7649
644	23.0573	28.5336
645	20.6607	26.7902
646	21.2794	27.6389
647	21.1805	26.8638
648	20.7987	27.1421
649	21.7624	26.5832
650	20.962	27.2042
651	21.2909	27.8873
652	21.7302	26.0588
653	21.6175	27.5538
654	20.3617	27.8666
655	21.9717	27.4342
656	20.7734	29.3754
657	20.6791	26.9512
658	21.6405	28.5359
659	20.732	26.7557
660	22.6019	29.4513
661	22.3075	26.2497
662	20.6354	29.7871
663	20.502	27.0478
664	20.4077	27.678
665	21.2081	27.0915
666	21.8636	27.7746
667	21.1368	28.2576
668	21.8774	27.241
669	21.5301	27.517
670	19.5222	27.5147
671	20.6814	26.8477
672	20.3364	27.0018
673	20.824	27.954
674	20.8723	28.3082
675	21.1506	28.1633
676	21.468	27.3652
677	21.2311	27.0984
678	20.9988	27.1329
679	22.3029	27.54
680	23.1056	27.724
681	21.054	28.5819
682	21.0241	27.0294
683	21.974	27.2042
684	21.215	27.241
685	22.1189	27.4618
686	21.4588	27.4227
687	22.0637	27.8965
688	21.8222	27.1835
689	21.215	27.4181
690	21.1667	26.5165
691	21.1575	26.7005
692	21.4772	27.4848
693	21.8107	27.333
694	20.7044	27.4411
695	21.1506	27.5722
696	20.2007	27.0363
697	22.8066	27.8321
698	20.7849	27.5446
699	21.4519	26.85
700	20.5296	27.6228
701	13.5238	18.1077
702	13.7262	18.3699
703	13.9792	18.8575
704	13.5468	18.8805
705	14.016	18.8667
706	14.1379	18.9909
707	13.8596	18.0525
708	12.6291	20.134
709	13.8596	18.2733
710	14.2391	19.5521
711	15.6007	18.9518
712	14.0482	17.926
713	13.05	18.2342
714	13.1995	16.9186
715	13.717	18.7103
716	14.7221	19.1864
717	14.9153	18.1008
718	12.9948	20.7136
719	13.027	18.3561
720	13.9447	17.88
721	13.3628	19.2853
722	14.4622	19.5912
723	15.051	19.007
724	14.9521	20.41
725	13.3375	19.4164
726	13.8849	18.8621
727	13.9562	19.5935
728	12.9925	20.2927
729	15.1637	19.3704
730	14.7842	18.2319
731	14.3587	18.225
732	14.3426	19.7062
733	13.349	18.2342
734	14.0781	17.9214
735	14.1632	18.7816
736	15.603	16.9301
737	14.3081	17.9881
738	13.1052	19.4624
739	15.0648	18.6689
740	12.8499	19.0645
741	14.0344	19.0507
742	16.0745	18.1054
743	13.7262	19.8465
744	12.6498	18.5792
745	13.4686	18.892
746	14.4484	17.7811
747	12.4152	19.2209
748	14.2713	18.0893
749	13.786	18.5217
750	12.6268	19.7108
751	14.062	18.7701
752	13.2386	19.5958
753	13.464	19.3543
754	14.1425	19.4003
755	14.0689	19.4233
756	12.3209	18.0111
757	12.8338	18.2204
758	14.8716	17.9076
759	14.1448	17.9214
760	15.5179	18.5286
761	15.8629	18.0272
762	13.0454	19.0346
763	14.5887	17.9467
764	14.223	18.0019
765	15.3546	19.1772
766	14.6002	18.57
767	14.637	19.6464
768	12.8384	18.984
769	13.901	18.1997
770	15.2212	19.0461
771	13.9792	17.4729
772	15.3408	19.3888
773	13.3513	18.5585
774	12.9097	19.2071
775	13.1972	19.4509
776	13.3927	17.2521
777	12.6245	19.3405
778	13.8297	18.9058
779	13.4272	17.9743
780	13.7515	19.0875
781	13.9378	18.6275
782	12.5164	17.8248
783	12.8545	19.1473
784	13.924	19.3888
785	14.6485	18.7724
786	13.464	18.4964
787	13.5192	17.5327
788	13.1466	19.1312
789	13.3398	19.4417
790	13.6963	18.7977
791	15.373	19.4371
792	14.5105	16.8519
793	13.8895	20.4261
794	15.2695	18.8069
795	13.6273	18.4987
796	13.8458	19.3543
797	13.188	18.6183
798	13.4939	18.3193
799	12.8729	18.7103
800	14.2897	16.8427
801	18.2158	26.4751
802	17.9191	25.4401
803	19.0139	26.4222
804	17.627	26.6982
805	18.3354	26.1554
806	17.9076	24.964
807	17.4798	26.3969
808	17.7305	25.3803
809	18.7793	25.0997
810	18.0479	26.1669
811	17.6546	25.6287
812	18.0939	26.0542
813	19.0277	25.9691
814	16.0193	25.7368
815	16.6817	26.1117
816	18.1169	24.5063
817	20.2007	25.7138
818	17.6868	25.5206
819	16.2171	25.4562
820	18.0709	24.9502
821	18.5332	27.0064
822	18.1123	26.5257
823	18.2273	26.4452
824	18.8759	25.3987
825	18.5654	25.6862
826	17.5948	27.4825
827	18.0387	25.5459
828	17.3694	25.1043
829	18.1054	25.9783
830	18.0732	25.447
831	17.9697	26.8017
832	17.0773	26.3302
833	16.4287	25.2883
834	18.5194	24.7731
835	17.8018	26.7097
836	17.3303	26.1738
837	17.8685	26.7718
838	18.0042	25.8012
839	18.3952	24.6719
840	18.0364	25.7552
841	16.7116	26.2106
842	18.225	24.5891
843	17.4844	25.5735
844	18.0801	26.0887
845	18.0824	27.6665
846	18.5378	25.5252
847	18.3607	26.3762
848	17.6201	24.5845
849	18.0502	25.0261
850	17.8179	25.4447
851	17.5235	25.5919
852	18.8184	25.0537
853	18.2894	26.7166
854	17.3464	25.2607
855	18.3791	25.447
856	17.7512	26.7902
857	16.5023	25.2423
858	19.6924	24.5293
859	16.9853	25.3918
860	17.2567	25.24
861	18.0433	25.8334
862	18.0847	25.8288
863	17.3441	25.9898
864	18.2411	25.0583
865	18.6574	26.4521
866	18.4366	26.9558
867	18.6275	25.3826
868	18.3837	24.6167
869	17.7742	26.4429
870	18.0318	25.1572
871	18.1675	25.7506
872	18.2365	26.413
873	17.6822	24.6949
874	16.5897	26.1462
875	17.0336	25.3665
876	17.2061	24.5753
877	18.6091	25.4884
878	18.041	25.7575
879	17.8708	25.2676
880	18.3515	26.6476
881	18.8621	25.2055
882	16.661	25.447
883	18.8184	26.8086
884	19.0139	25.4539
885	17.8432	25.9622
886	18.4067	26.4038
887	17.0842	25.424
888	18.3055	25.0169
889	17.4062	25.9024
890	17.144	26.1393
891	18.6896	25.5206
892	17.512	26.0036
893	18.2963	25.3826
894	18.0134	26.6706
895	17.7558	26.0266
896	17.8294	25.746
897	17.4752	24.6972
898	18.1445	26.0887
899	19.1335	26.298
900	18.1491	25.7253
901	11.9759	20.5894
902	12.061	21.4979
903	12.7027	19.559
904	12.6613	21.0356
905	11.5343	19.5636
906	12.2059	21.5899
907	12.4152	21.9395
908	13.188	22.3167
909	10.7753	21.7808
910	11.9805	21.1069
911	11.2169	22.2454
912	11.0628	21.422
913	12.5187	21.1506
914	11.1134	21.4335
915	11.3066	20.847
916	12.4267	21.1414
917	12.4382	22.0959
918	13.7975	21.3392
919	11.1134	22.0821
920	11.831	21.7072
921	12.7326	22.1971
922	11.5481	21.9809
923	10.681	22.3397
924	13.3099	21.0333
925	12.6475	21.6497
926	12.2404	21.2472
927	11.6309	22.4708
928	11.2537	20.6446
929	12.4428	21.8636
930	11.1341	21.0655
931	11.1088	21.5784
932	13.4801	21.077
933	13.073	21.5301
934	11.5987	20.8263
935	12.0679	20.8286
936	13.2639	21.6405
937	11.5021	21.606
938	12.6935	20.732
939	11.164	21.974
940	12.0081	21.7302
941	11.9759	20.8769
942	13.5422	20.5457
943	11.1594	21.445
944	11.6631	22.4685
945	11.0214	21.6589
946	12.1323	20.9252
947	12.291	21.1368
948	11.0927	21.9234
949	10.8213	20.6561
950	12.774	21.7049
951	12.1714	20.7826
952	13.0983	20.8539
953	12.8223	21.0218
954	11.1111	20.8286
955	12.4221	20.8056
956	12.1806	22.2063
957	11.5343	21.4036
958	12.222	21.5393
959	11.6539	22.1971
960	12.36	20.5779
961	13.3375	21.8245
962	12.3071	20.9252
963	13.487	22.089
964	11.9966	21.4105
965	11.6999	21.0356
966	12.8844	22.0706
967	12.6866	22.0131
968	11.3664	20.9275
969	11.7666	21.4519
970	12.9925	21.3714
971	12.8177	22.1994
972	12.6337	21.8176
973	11.6838	20.9045
974	11.2031	20.6722
975	12.8315	22.0223
976	12.0426	21.215
977	10.0784	21.9855
978	11.3572	23.5587
979	11.3066	21.399
980	12.9235	21.675
981	12.6222	21.6175
982	13.4571	21.1851
983	13.2685	22.1925
984	12.7717	21.0057
985	13.4111	21.8889
986	13.2087	22.2408
987	12.7142	21.1782
988	11.6033	19.4785
989	10.6971	21.5508
990	11.6769	21.4151
991	11.4653	20.9689
992	12.8292	22.986
993	12.452	20.4767
994	11.4906	21.7026
995	11.1939	21.2656
996	11.7413	22.1488
997	12.0472	20.6377
998	11.8862	20.8746
999	12.6291	22.0752
1000	11.9943	21.9625
1001	23.1976	9.5678
1002	22.2224	8.2131
1003	23.9842	8.6984
1004	23.354	7.7577
1005	24.0279	9.853
1006	22.9768	8.2591
1007	24.4626	9.0089
1008	23.7933	8.2821
1009	23.0343	8.6892
1010	23.2758	8.703
1011	22.641	8.4362
1012	23.2045	7.9647
1013	23.6898	7.2655
1014	22.9722	10.1681
1015	24.1268	7.8175
1016	23.8209	8.1464
1017	22.6893	9.2136
1018	23.5702	8.0889
1019	22.4248	7.6542
1020	22.7721	8.151
1021	23.9244	9.163
1022	22.5743	8.5374
1023	22.3259	7.8635
1024	22.4639	6.6353
1025	23.1953	8.6018
1026	23.9129	8.5489
1027	23.0297	8.5075
1028	23.5127	8.1073
1029	23.7496	8.8893
1030	23.0182	8.7858
1031	23.3908	9.2251
1032	22.5007	8.2476
1033	22.6203	8.9169
1034	21.8958	8.9905
1035	22.4133	8.4132
1036	22.1465	8.4339
1037	24.2119	8.6156
1038	24.1498	8.7904
1039	23.7818	8.5259
1040	24.8122	9.2941
1041	22.9147	7.8152
1042	24.435	8.5811
1043	24.8076	8.2223
1044	21.9602	8.3764
1045	23.745	9.0848
1046	23.2091	8.8939
1047	24.2234	7.5461
1048	21.8866	8.9652
1049	22.5835	8.5029
1050	21.7785	7.1482
1051	23.8439	7.8911
1052	23.4529	9.1998
1053	23.5656	8.7375
1054	22.0131	8.3603
1055	22.3213	9.0112
1056	23.9037	7.9808
1057	23.5426	8.8778
1058	24.3798	8.1648
1059	24.6696	8.2039
1060	23.3057	8.0613
1061	24.389	8.8042
1062	23.3218	8.9468
1063	23.3632	10.0255
1064	24.1935	8.6018
1065	23.5472	8.9767
1066	21.5761	7.8773
1067	23.0389	7.1942
1068	22.8572	9.1607
1069	22.5398	8.1211
1070	22.2523	7.599
1071	23.2114	7.967
1072	23.2482	9.738
1073	23.722	7.9049
1074	21.997	10.0048
1075	21.9188	9.7058
1076	23.1332	8.1395
1077	24.0831	8.4914
1078	23.2114	8.4109
1079	22.8572	7.9302
1080	22.6042	8.8387
1081	22.5421	9.6506
1082	21.3829	8.8571
1083	24.8421	9.3861
1084	24.1406	8.5305
1085	22.5904	8.4201
1086	24.7478	7.783
1087	22.3282	7.99
1088	24.8375	6.7871
1089	24.1866	9.1814
1090	23.7772	9.6345
1091	23.3586	9.9243
1092	22.3236	8.1556
1093	23.2206	6.8515
1094	23.5725	9.2803
1095	22.8089	7.9923
1096	21.6083	7.2655
1097	23.2781	9.0227
1098	24.0509	9.324
1099	23.2597	8.3741
1100	23.4851	8.3074
1101	27.6389	14.4967
1102	25.9116	14.1609
1103	26.5073	14.9268
1104	24.826	15.2971
1105	25.562	15.1476
1106	26.4084	14.6163
1107	24.6052	14.9958
1108	25.2906	14.9567
1109	26.7074	13.8573
1110	25.6931	15.4443
1111	24.8329	16.0377
1112	25.7943	13.947
1113	25.1871	14.5128
1114	26.2014	13.4732
1115	24.4649	14.5496
1116	26.4061	14.5312
1117	26.6292	16.3804
1118	25.4194	14.4622
1119	25.4746	13.809
1120	26.965	15.0717
1121	25.8886	15.2695
1122	25.7322	15.6881
1123	26.0887	15.8997
1124	24.8697	14.6393
1125	26.8638	13.9171
1126	24.9824	14.9774
1127	24.8858	14.3196
1128	25.7092	15.0119
1129	26.3693	14.5795
1130	26.5533	15.0418
1131	26.0381	14.3242
1132	27.7194	13.7998
1133	26.1807	14.8026
1134	26.9029	14.6439
1135	26.3946	16.7967
1136	26.5648	15.603
1137	26.1853	16.1872
1138	26.4245	14.9176
1139	27.3376	14.6301
1140	26.1255	13.8918
1141	26.0749	14.5151
1142	27.6228	15.2741
1143	27.0018	14.8417
1144	26.1807	15.2396
1145	25.6103	13.9378
1146	26.7074	15.1568
1147	27.0317	14.4323
1148	25.8886	14.1954
1149	27.5561	13.2133
1150	27.1007	14.5243
1151	26.9259	15.5639
1152	25.2998	13.5905
1153	26.0473	13.2018
1154	25.9323	14.8486
1155	24.2947	13.4318
1156	25.7989	14.6715
1157	24.8214	13.2777
1158	26.39	13.8021
1159	26.1462	15.0786
1160	27.149	14.3058
1161	26.9213	14.5473
1162	25.1204	14.2299
1163	26.3095	14.5404
1164	26.068	14.4392
1165	25.3918	13.9976
1166	26.5441	14.4852
1167	25.8311	15.5202
1168	26.9604	14.8486
1169	25.3872	15.6628
1170	26.3095	15.8422
1171	27.1812	16.3298
1172	25.2814	14.2299
1173	25.4102	14.637
1174	26.0634	14.7336
1175	25.1089	16.9025
1176	26.6614	15.7088
1177	26.6384	13.4042
1178	26.4383	15.0418
1179	26.7534	14.9383
1180	25.7805	15.212
1181	26.1853	14.4668
1182	26.3118	14.5427
1183	26.1071	13.4548
1184	24.9571	15.0303
1185	25.5597	13.9125
1186	26.7925	14.2345
1187	26.6453	15.3546
1188	24.5362	16.9117
1189	26.6522	14.2115
1190	25.8794	15.0211
1191	25.7897	15.1453
1192	26.7534	15.6398
1193	26.2957	15.5087
1194	26.9535	15.5133
1195	24.9249	13.7607
1196	25.8242	14.6485
1197	26.4084	15.2212
1198	25.608	15.7548
1199	25.3596	14.2069
1200	25.3412	13.9631
1201	16.2631	10.0255
1202	15.7525	9.738
1203	16.4425	10.9915
1204	16.1205	8.9905
1205	16.3252	8.5903
1206	16.2079	9.3884
1207	14.4116	9.485
1208	16.2838	8.841
1209	16.9738	9.439
1210	16.6932	10.5361
1211	14.6439	11.1433
1212	17.1141	9.7311
1213	15.4558	8.45
1214	14.2368	8.9537
1215	15.2649	8.2131
1216	16.6564	9.9243
1217	16.4287	8.9169
1218	16.0607	9.1584
1219	14.5634	7.2057
1220	14.016	10.1267
1221	16.2723	9.1032
1222	15.442	8.0222
1223	16.6794	8.2844
1224	15.0372	9.554
1225	15.7594	8.4017
1226	15.6122	11.8816
1227	15.0556	9.4896
1228	15.5892	10.2141
1229	15.9595	9.3562
1230	15.7594	9.6828
1231	13.8918	9.2987
1232	16.9669	8.519
1233	14.5289	8.7306
1234	14.6761	7.898
1235	15.5409	9.347
1236	14.6945	8.6938
1237	16.3528	9.8783
1238	16.0032	8.6087
1239	13.9079	9.0181
1240	13.9125	10.6741
1241	16.8496	9.5954
1242	14.8532	8.9238
1243	16.3551	9.9703
1244	15.5938	8.5144
1245	16.4172	9.14
1246	16.3896	8.588
1247	14.9268	10.3843
1248	17.1348	10.2601
1249	16.8312	8.5719
1250	15.1729	9.4965
1251	15.6421	8.8663
1252	15.6099	8.8709
1253	14.66	9.6989
1254	16.4954	9.3907
1255	15.7824	8.5811
1256	13.8136	9.5655
1257	15.3638	8.9238
1258	15.9664	9.991
1259	15.3293	8.6685
1260	14.9314	7.9095
1261	14.384	9.9542
1262	14.5887	10.2279
1263	15.5984	9.8553
1264	16.1297	8.9146
1265	15.6881	7.9187
1266	15.9595	10.0186
1267	15.971	9.623
1268	15.4811	9.5816
1269	15.6789	8.818
1270	15.764	8.9169
1271	15.189	9.1975
1272	15.0004	9.1791
1273	16.4126	9.7656
1274	15.7479	9.3424
1275	15.1844	9.7311
1276	15.2143	10.0071
1277	16.2148	8.3258
1278	15.6306	9.2182
1279	16.5621	9.5034
1280	14.9314	9.9887
1281	16.0952	9.6184
1282	16.0722	9.0227
1283	15.9871	9.8139
1284	16.1826	8.8962
1285	14.4208	9.462
1286	15.9756	10.1865
1287	15.1246	9.7978
1288	16.4931	9.3056
1289	17.1187	10.4602
1290	15.4696	8.841
1291	15.5915	9.3033
1292	16.224	8.9514
1293	16.0216	9.6667
1294	15.5041	10.1865
1295	14.9452	8.7697
1296	14.4185	9.3102
1297	14.7658	8.7237
1298	16.3459	8.5696
1299	14.6324	8.5857
1300	15.5386	9.8139
1301	16.6863	13.8642
1302	17.8731	15.143
1303	15.7617	14.3472
1304	16.6334	13.4295
1305	16.27	14.8532
1306	16.9692	14.7612
1307	15.9503	13.7331
1308	16.9048	13.8964
1309	16.4793	14.9981
1310	17.6224	12.9212
1311	16.2516	13.2731
1312	16.7277	13.8688
1313	17.213	14.0137
1314	15.4466	14.9981
1315	16.0745	14.0022
1316	15.7571	15.258
1317	15.8629	14.7635
1318	16.7944	14.453
1319	16.5943	15.511
1320	17.1969	14.9521
1321	17.3349	15.1798
1322	15.5156	14.8808
1323	16.3114	14.9521
1324	15.9641	15.0694
1325	15.8008	14.2437
1326	16.6196	13.7768
1327	16.431	15.5317
1328	16.2171	14.9958
1329	15.4397	14.7842
1330	16.0768	17.0313
1331	16.6679	14.5841
1332	17.3924	14.6232
1333	15.7985	13.7998
1334	16.1734	15.2212
1335	15.9733	15.7617
1336	16.4149	14.8532
1337	16.4103	14.3909
1338	16.983	15.7272
1339	16.4425	12.935
1340	15.603	16.1619
1341	15.7732	15.3293
1342	15.4765	14.0505
1343	16.6196	15.0165
1344	15.3086	14.89
1345	16.0952	14.3633
1346	16.4885	14.683
1347	16.1527	14.1218
1348	16.2171	15.0303
1349	16.4701	14.0137
1350	17.7995	14.1218
1351	15.6421	14.1678
1352	17.2176	14.821
1353	16.224	14.5174
1354	16.5276	15.1844
1355	16.086	14.8785
1356	17.466	15.1936
1357	14.9406	14.5013
1358	15.8721	12.8867
1359	16.799	15.6168
1360	16.1067	14.4208
1361	16.2953	15.2189
1362	15.2971	14.6715
1363	17.0727	14.3242
1364	15.2948	14.7658
1365	16.6058	14.9912
1366	14.5588	14.4001
1367	16.2378	13.8435
1368	16.6886	14.7198
1369	16.1182	15.2534
1370	15.5823	13.8297
1371	15.2051	14.039
1372	16.0515	14.3081
1373	16.6265	15.0855
1374	16.2309	14.7497
1375	16.1711	14.4208
1376	17.3441	15.2258
1377	15.5938	15.0487
1378	17.9007	14.3127
1379	15.4949	15.3385
1380	16.3206	16.1596
1381	17.2797	14.9268
1382	16.4931	14.2437
1383	16.661	16.3896
1384	16.0101	14.7612
1385	16.2746	16.1412
1386	17.3027	13.6388
1387	16.7875	15.4029
1388	15.3431	15.4167
1389	16.3597	17.1233
1390	16.224	15.4374
1391	16.5713	15.2764
1392	15.0924	15.9894
1393	16.7806	14.6163
1394	15.2925	16.4195
1395	16.7875	16.0653
1396	17.4568	14.2759
1397	15.6536	13.4456
1398	17.0083	14.1011
1399	16.3804	15.0372
1400	15.9388	15.1913
1401	20.5227	19.4578
1402	19.7683	19.9868
1403	21.4864	19.7039
1404	19.6832	18.3515
1405	21.6014	20.4905
1406	20.203	19.9592
1407	20.6975	19.8258
1408	19.6763	19.8626
1409	21.1506	20.1294
1410	19.6694	19.9776
1411	21.3921	19.0691
1412	19.7821	20.2237
1413	20.4813	19.0162
1414	20.1202	19.0737
1415	20.7849	20.4767
1416	21.3369	19.7177
1417	19.3313	19.6372
1418	19.7476	19.1013
1419	20.9597	18.4619
1420	20.6377	19.3934
1421	20.8608	18.4711
1422	20.3456	19.0553
1423	18.6298	19.8051
1424	20.5572	19.3589
1425	20.8654	20.4491
1426	20.2536	19.1036
1427	21.2541	22.0591
1428	20.9758	19.0944
1429	20.9919	20.5618
1430	20.7251	19.5429
1431	19.3727	19.5659
1432	19.7775	18.8828
1433	19.6211	19.1266
1434	19.536	20.0581
1435	20.5089	19.2945
1436	21.3346	20.3134
1437	19.2715	18.4504
1438	19.8971	19.3244
1439	21.1161	19.5544
1440	20.2789	18.6068
1441	20.2973	19.053
1442	20.7343	19.95
1443	21.2449	20.0374
1444	21.5646	20.4031
1445	20.3502	19.6694
1446	20.3847	19.1197
1447	18.9288	19.2853
1448	20.7021	19.7545
1449	20.4836	19.3175
1450	19.4256	19.306
1451	19.8258	20.0972
1452	19.5682	19.881
1453	19.7798	20.1915
1454	20.1777	19.1933
1455	20.2628	19.6855
1456	18.8276	19.4279
1457	21.1805	19.2531
1458	19.6832	19.0139
1459	20.1777	20.0213
1460	21.1322	20.8033
1461	20.042	20.1915
1462	19.7867	20.5963
1463	20.9873	19.5958
1464	19.9523	18.8046
1465	18.9219	18.2756
1466	19.7936	19.3244
1467	20.8608	19.1979
1468	20.2375	20.0328
1469	20.6423	20.226
1470	20.7826	20.4997
1471	20.2375	19.3405
1472	20.364	18.2457
1473	19.3865	20.4192
1474	21.123	19.1059
1475	19.3957	21.2173
1476	20.1478	18.3768
1477	21.2679	19.1979
1478	19.7016	17.9766
1479	20.6262	18.9932
1480	20.6837	20.3916
1481	21.1322	19.8557
1482	19.9178	19.4279
1483	20.3502	20.0949
1484	19.2899	20.0949
1485	19.7246	19.8971
1486	20.5135	19.3405
1487	20.939	20.3341
1488	19.7798	20.3134
1489	19.5567	19.0599
1490	20.6998	20.7688
1491	21.3852	19.5659
1492	21.0402	19.1887
1493	21.2633	19.6096
1494	20.0811	19.2301
1495	20.18	21.3277
1496	20.3525	21.1966
1497	20.6837	19.8695
1498	20.939	20.893
1499	19.9385	18.1284
1500	19.8833	18.8529
1501	8.4086	15.7893
1502	9.5218	14.8164
1503	8.8341	15.0855
1504	9.5586	16.7967
1505	8.0567	14.7428
1506	9.3378	15.5018
1507	7.7416	15.3707
1508	8.7375	15.1407
1509	7.8704	16.086
1510	7.5139	13.8044
1511	9.5471	15.0165
1512	8.1671	15.3362
1513	7.4679	15.0625
1514	7.3966	15.8928
1515	8.8134	14.2644
1516	8.7766	14.7336
1517	8.6639	15.8514
1518	7.5116	15.1522
1519	9.4781	14.5979
1520	8.5236	14.3472
1521	8.795	15.1867
1522	7.6956	16.2148
1523	7.8888	15.1039
1524	7.8267	15.81
1525	9.1515	15.5616
1526	9.3884	15.2672
1527	8.8686	14.982
1528	9.2274	14.8233
1529	9.3125	15.3592
1530	9.4045	16.2194
1531	7.944	13.0891
1532	8.9261	14.6508
1533	8.5949	15.2028
1534	7.8267	15.35
1535	7.7094	14.637
1536	8.7674	15.2534
1537	9.1745	14.7888
1538	9.209	14.8049
1539	7.3966	16.1987
1540	9.6506	15.5685
1541	8.3787	14.6278
1542	9.8829	14.5289
1543	8.3672	14.8762
1544	7.9624	16.04
1545	9.1584	15.3247
1546	7.9302	14.6876
1547	8.5535	16.5575
1548	8.6639	15.1913
1549	9.6874	15.4236
1550	8.6133	14.0459
1551	7.8428	14.4507
1552	8.1809	15.7571
1553	8.7904	14.4208
1554	9.2757	14.9061
1555	8.7237	15.189
1556	9.6115	15.6651
1557	8.8916	14.6968
1558	8.4983	16.224
1559	9.2136	13.7607
1560	8.7168	14.2437
1561	8.9008	16.017
1562	7.2448	15.0096
1563	8.9514	14.6347
1564	8.2614	15.2465
1565	8.7191	15.7939
1566	9.5333	15.4627
1567	9.5563	15.6927
1568	8.8157	16.1021
1569	8.5627	15.3339
1570	8.2959	15.6973
1571	8.818	15.4029
1572	10.5108	14.9912
1573	8.519	14.9751
1574	8.933	13.9286
1575	8.9445	14.683
1576	9.301	16.2976
1577	9.5724	15.8836
1578	7.5645	15.9089
1579	9.7564	14.9153
1580	8.1257	15.3546
1581	8.6455	16.5483
1582	8.8732	15.2258
1583	7.783	14.775
1584	8.6409	15.9135
1585	10.1221	15.1177
1586	7.2126	15.488
1587	7.8152	15.649
1588	9.8185	14.6715
1589	9.0388	15.6697
1590	9.3125	15.1016
1591	7.7462	15.2833
1592	7.3713	15.4029
1593	9.5563	14.9061
1594	8.4316	15.2994
1595	8.3603	16.7024
1596	8.8088	16.1159
1597	9.2941	15.143
1598	7.645	14.9452
1599	8.059	14.476
1600	8.7766	15.3868
1601	10.9892	13.0615
1602	12.0771	13.7607
1603	12.1921	14.6209
1604	12.0081	16.1136
1605	11.21	14.2874
1606	13.1903	13.4502
1607	10.4579	13.5376
1608	11.4055	15.5892
1609	12.3117	13.7078
1610	12.2542	15.0901
1611	11.785	14.7888
1612	11.3181	14.6347
1613	12.5486	13.9585
1614	11.3043	14.4553
1615	11.6562	14.9843
1616	11.3664	13.7814
1617	11.6447	15.5271
1618	10.9478	15.9388
1619	12.9649	15.1913
1620	11.0904	14.6163
1621	11.762	13.4732
1622	11.9575	14.5289
1623	10.9225	15.0993
1624	12.8177	14.7014
1625	11.2284	14.6531
1626	10.589	14.1379
1627	10.842	14.0896
1628	11.7459	15.166
1629	11.4446	13.0132
1630	10.4924	14.5266
1631	11.7459	14.154
1632	11.1778	14.3702
1633	12.3807	13.5951
1634	13.0132	14.1954
1635	10.8374	14.2989
1636	12.4175	13.3053
1637	13.1765	14.6922
1638	10.9455	14.8854
1639	11.9989	13.6756
1640	12.1553	14.4047
1641	13.1397	14.5427
1642	11.3641	15.1913
1643	11.5182	15.2626
1644	11.5274	15.1131
1645	11.6884	15.0119
1646	12.6107	14.959
1647	11.1686	15.5133
1648	12.774	14.4231
1649	11.6056	14.66
1650	11.8287	15.5363
1651	11.5688	15.649
1652	12.0909	15.1476
1653	10.6741	14.2184
1654	11.9966	13.7446
1655	11.3526	14.6301
1656	11.1111	14.1724
1657	12.912	13.878
1658	10.4395	14.5565
1659	12.5693	14.338
1660	11.2767	13.2064
1661	12.9074	15.7755
1662	10.7776	13.8711
1663	11.1778	14.1839
1664	11.8264	14.3656
1665	12.498	14.5036
1666	11.4009	13.6963
1667	11.4515	14.3495
1668	11.1157	13.2869
1669	10.6695	14.2506
1670	11.5527	13.8734
1671	12.4819	13.6871
1672	11.6171	15.718
1673	11.7436	13.8964
1674	11.4745	13.1673
1675	11.5297	14.0528
1676	12.0725	13.3904
1677	10.7086	15.4696
1678	11.6907	14.4438
1679	12.9718	15.3362
1680	12.0955	12.8568
1681	10.129	14.4852
1682	10.7408	14.5588
1683	12.1714	15.4052
1684	11.762	13.9447
1685	11.0973	13.1328
1686	12.222	14.6623
1687	11.7344	14.1402
1688	12.4037	14.4093
1689	12.1415	15.4742
1690	11.3595	14.3817
1691	12.6751	14.798
1692	11.9644	14.2322
1693	13.4203	13.5146
1694	11.9414	14.6255
1695	11.4055	14.6439
1696	10.2233	13.4893
1697	11.8356	15.4719
1698	11.2836	13.8159
1699	10.5476	14.0666
1700	11.946	15.0188
1701	26.9995	17.3234
1702	27.1398	16.4471
1703	27.8781	16.7806
1704	28.3933	16.822
1705	28.621	16.4632
1706	28.1495	18.156
1707	26.8132	17.7052
1708	26.6246	18.0847
1709	27.7976	18.2917
1710	26.7005	16.9232
1711	26.8891	17.0428
1712	28.2415	18.3032
1713	25.9944	16.6863
1714	27.9862	17.3602
1715	28.1449	16.5598
1716	26.5441	17.3441
1717	28.2622	18.8943
1718	27.3146	18.0824
1719	27.7378	16.9278
1720	27.0662	16.6311
1721	26.8776	18.6896
1722	27.9632	16.0469
1723	27.0961	17.3671
1724	27.6504	17.1762
1725	26.8201	18.823
1726	27.1214	18.2595
1727	25.8518	18.6183
1728	27.7332	16.9968
1729	27.0846	17.075
1730	27.7884	18.3492
1731	28.2898	17.9536
1732	27.0478	17.8271
1733	28.2139	18.133
1734	27.5032	18.3975
1735	26.252	18.4389
1736	27.1352	18.3906
1737	26.9972	17.1831
1738	26.9926	17.1923
1739	28.3542	16.6564
1740	27.6688	16.0009
1741	27.885	16.4747
1742	27.7056	18.7379
1743	25.9139	17.949
1744	26.6062	18.2963
1745	28.0069	17.9053
1746	27.8942	16.9209
1747	26.7488	16.0814
1748	26.3118	16.2907
1749	27.1628	16.73
1750	28.4117	18.1192
1751	27.0064	18.179
1752	26.551	17.6247
1753	27.2732	19.5176
1754	26.7166	17.5143
1755	27.0386	15.8077
1756	28.6693	17.4775
1757	28.6003	17.8593
1758	26.6154	17.7834
1759	27.379	17.9076
1760	27.4549	17.4959
1761	28.1196	18.2365
1762	28.1173	17.7259
1763	29.2926	17.4614
1764	28.6486	16.5667
1765	27.2824	17.1394
1766	27.5124	17.0313
1767	27.1513	17.236
1768	26.919	16.27
1769	27.7447	16.8749
1770	26.6729	17.3441
1771	25.8058	17.2751
1772	26.1646	15.9687
1773	27.4687	15.6329
1774	26.9282	18.1146
1775	26.1554	17.5764
1776	27.0524	17.6385
1777	26.6085	18.4205
1778	27.6021	18.9288
1779	25.677	17.9214
1780	26.0565	17.1831
1781	27.2111	18.6896
1782	27.2686	17.834
1783	27.5423	16.4609
1784	27.4043	17.0865
1785	28.046	18.0456
1786	27.6596	16.8726
1787	27.5216	16.5345
1788	27.2571	16.9623
1789	27.0248	17.4913
1790	27.4963	17.4062
1791	27.563	16.9324
1792	28.0161	16.8726
1793	26.8201	19.0576
1794	26.3371	18.1192
1795	25.9208	17.8547
1796	27.1352	18.9265
1797	25.8311	18.0295
1798	27.1881	17.6339
1799	27.6435	17.9789
1800	25.7897	17.7328
1801	11.7735	8.1878
1802	12.0909	7.6795
1803	11.509	8.7743
1804	11.1985	8.3442
1805	11.0536	8.289
1806	11.3319	8.0452
1807	10.6051	6.9044
1808	13.0017	6.6192
1809	11.5665	8.9905
1810	11.7022	8.289
1811	12.0794	8.5328
1812	11.8379	8.1648
1813	10.8443	7.7301
1814	11.5849	9.7656
1815	12.6751	7.4955
1816	11.9966	7.7669
1817	12.1576	8.8249
1818	12.0357	7.5116
1819	10.474	7.9302
1820	11.4745	7.415
1821	11.4009	8.4086
1822	12.3002	8.6248
1823	10.4579	9.0204
1824	10.9018	9.2573
1825	12.3025	7.9969
1826	11.2859	8.082
1827	12.5118	8.933
1828	11.946	6.8607
1829	10.4993	8.9307
1830	10.8949	9.9036
1831	11.1502	8.1924
1832	11.3825	8.4086
1833	12.337	8.2614
1834	10.5384	8.1648
1835	11.4699	6.8929
1836	12.061	8.3465
1837	11.4078	9.1285
1838	10.5752	8.5903
1839	12.958	7.4817
1840	10.8075	7.3046
1841	9.9634	7.8497
1842	10.9892	9.5747
1843	10.98	8.9146
1844	10.6741	8.4684
1845	11.4952	7.8451
1846	11.9345	8.4362
1847	12.8131	8.0498
1848	12.4382	8.5857
1849	12.4152	9.8875
1850	10.2693	8.289
1851	11.0812	8.4523
1852	10.2233	7.576
1853	11.3135	9.2159
1854	11.7275	7.484
1855	11.1571	9.8783
1856	11.9943	8.7858
1857	13.0109	7.9072
1858	10.1796	8.45
1859	11.8402	9.0135
1860	11.601	8.9813
1861	11.6378	8.9629
1862	10.7546	8.1694
1863	10.2141	7.4058
1864	9.6368	8.1947
1865	11.3733	8.2315
1866	9.7909	9.1561
1867	11.647	9.163
1868	11.1134	7.2264
1869	11.9713	8.1694
1870	9.8829	8.772
1871	12.2312	8.1809
1872	11.8333	7.1689
1873	12.1461	7.7554
1874	11.5458	7.3667
1875	9.0411	8.5466
1876	11.0329	7.3391
1877	11.5481	8.8617
1878	11.9161	8.2246
1879	10.1796	7.9578
1880	11.8103	8.2269
1881	10.9938	8.7145
1882	11.7321	7.7577
1883	11.0766	9.025
1884	11.8816	9.2872
1885	10.4924	8.8686
1886	11.7919	8.0613
1887	12.1967	9.3677
1888	10.474	8.588
1889	11.3963	7.5185
1890	12.0403	7.8911
1891	11.3457	8.8111
1892	11.67	8.5765
1893	11.3641	7.0999
1894	10.9064	7.2655
1895	11.3802	8.4086
1896	10.9501	8.6156
1897	11.6631	8.2039
1898	11.9851	9.6345
1899	12.0587	7.7347
1900	10.451	6.84
1901	4.3629	28.2208
1902	4.3284	26.9972
1903	5.5566	27.0041
1904	6.3202	27.3445
1905	4.4457	27.3008
1906	4.5998	26.3762
1907	5.2737	27.8206
1908	4.8344	27.0524
1909	4.908	29.2995
1910	7.2264	28.4278
1911	4.7447	26.8132
1912	5.6762	27.3238
1913	5.8924	28.2116
1914	5.4048	27.8114
1915	4.9034	26.8017
1916	4.7677	28.5727
1917	6.2673	26.8638
1918	6.3616	27.5584
1919	6.8492	28.3956
1920	6.1983	27.103
1921	7.1482	27.9724
1922	4.9402	27.2088
1923	5.2254	28.5014
1924	5.2116	27.6941
1925	6.6813	27.5607
1926	5.7659	28.1978
1927	5.6693	27.0225
1928	6.3869	27.2364
1929	5.2576	27.5492
1930	5.092	27.5538
1931	5.3013	27.6251
1932	4.149	27.2985
1933	5.5267	27.0777
1934	5.4324	27.5009
1935	5.3519	27.8413
1936	5.897	28.5336
1937	4.9379	27.7424
1938	5.3565	27.1145
1939	3.9328	26.7189
1940	5.5152	27.747
1941	3.7488	26.0611
1942	5.989	26.2382
1943	6.1845	27.9356
1944	4.1329	28.3266
1945	5.138	27.678
1946	5.8418	27.4595
1947	4.6274	28.9177
1948	5.644	28.0621
1949	4.6251	27.8045
1950	5.0345	27.6366
1951	5.8993	27.2824
1952	6.0626	27.0731
1953	4.8321	28.1035
1954	5.6808	27.9379
1955	5.0966	27.3445
1956	6.5939	28.1771
1957	4.6458	27.6711
1958	4.7999	28.368
1959	5.4462	29.2742
1960	4.3376	27.3077
1961	5.5612	27.6665
1962	6.6008	27.8275
1963	5.0644	27.5676
1964	4.4135	27.2778
1965	4.0271	27.2755
1966	4.7263	26.3716
1967	4.7309	26.7304
1968	5.897	29.2558
1969	5.0092	27.1651
1970	6.2696	27.3215
1971	6.4398	27.1329
1972	6.1086	27.885
1973	5.9269	27.8781
1974	6.2719	27.4687
1975	5.9729	27.9908
1976	5.2599	27.9471
1977	4.5676	27.9172
1978	6.3156	26.7856
1979	4.7447	27.1214
1980	4.5561	28.4784
1981	5.2001	28.046
1982	6.3317	27.4365
1983	5.9269	26.9374
1984	6.3179	27.7286
1985	3.5556	26.9305
1986	6.2604	26.6361
1987	5.0506	27.5699
1988	6.9688	27.563
1989	5.6486	27.2042
1990	5.5083	27.6642
1991	5.5911	28.6877
1992	5.5382	27.3008
1993	5.1081	27.5147
1994	4.3905	27.8252
1995	4.8505	27.9793
1996	5.4232	27.2709
1997	5.7383	27.8551
1998	5.9016	27.8045
1999	6.5525	26.9374
2000	4.3652	25.9622
2001	8.772	20.778
2002	9.6943	23.1999
2003	9.6713	20.6906
2004	8.6225	22.2132
2005	8.8134	21.1
2006	8.3005	21.2426
2007	8.8617	21.4059
2008	8.6754	19.7982
2009	7.1666	20.1018
2010	9.3838	21.2357
2011	9.0641	21.8015
2012	8.5489	21.6405
2013	8.8663	20.6929
2014	7.4035	20.1777
2015	8.6294	23.0297
2016	9.2113	21.9556
2017	9.2573	22.0246
2018	7.5116	22.5421
2019	8.9307	22.3121
2020	8.9215	21.2863
2021	8.9859	19.1082
2022	9.3815	21.6796
2023	8.151	21.7072
2024	8.6317	21.1184
2025	8.8318	20.3847
2026	8.2315	20.6768
2027	7.9509	20.6975
2028	8.312	21.3484
2029	8.4569	21.3185
2030	9.1147	21.5784
2031	7.806	22.0729
2032	9.6368	21.6888
2033	7.6726	22.1212
2034	8.9238	20.2444
2035	8.7559	21.7716
2036	8.9583	20.3226
2037	7.829	21.0218
2038	9.4459	21.9257
2039	9.0733	21.3852
2040	7.8152	21.4979
2041	8.6409	22.4202
2042	8.8364	20.7849
2043	7.8474	21.1046
2044	7.5668	20.5986
2045	9.5563	21.7555
2046	9.0526	22.1511
2047	9.3125	20.8309
2048	8.1119	21.7785
2049	9.9197	20.4928
2050	9.4597	21.0471
2051	9.4781	20.6239
2052	10.0048	21.4542
2053	8.9169	19.8419
2054	8.8042	22.2707
2055	9.9749	20.5388
2056	7.5576	20.1616
2057	7.6611	20.5043
2058	9.0825	22.5605
2059	8.5834	21.8636
2060	9.4505	22.1787
2061	8.2315	20.9505
2062	7.9923	19.4601
2063	8.3925	21.2242
2064	8.1073	22.1235
2065	7.668	20.3916
2066	9.669	20.2674
2067	8.6041	21.3622
2068	8.611	21.5255
2069	7.6427	22.1948
2070	8.6938	21.0011
2071	6.5617	21.4841
2072	9.5333	21.3852
2073	8.864	21.5117
2074	8.4132	21.1115
2075	7.8681	19.4348
2076	8.0475	20.0328
2077	9.6828	21.5922
2078	8.6915	20.3778
2079	8.5098	22.0315
2080	9.0802	21.5347
2081	9.1584	20.9436
2082	9.8783	19.5567
2083	9.4413	23.055
2084	9.3608	20.9551
2085	8.4086	20.6354
2086	8.8318	21.6129
2087	9.1538	21.7509
2088	7.8014	22.0361
2089	8.45	20.9804
2090	7.8359	22.7031
2091	7.6726	21.2334
2092	8.1602	20.7389
2093	8.4201	19.6993
2094	9.9197	21.2012
2095	10.2716	20.3709
2096	8.5351	22.0315
2097	9.4965	21.7003
2098	9.2343	21.4611
2099	8.6593	21.0011
2100	8.0268	20.3249
2101	14.2138	27.5331
2102	14.3173	27.5768
2103	15.2074	28.1196
2104	14.4737	25.5712
2105	14.2276	27.4802
2106	13.1742	27.0156
2107	14.3679	25.861
2108	14.3587	26.7994
2109	14.2092	26.1485
2110	14.1655	27.2617
2111	13.4134	26.7672
2112	14.3242	26.6568
2113	13.3881	26.0013
2114	13.2363	26.1554
2115	14.4737	26.965
2116	15.4719	26.8868
2117	13.7101	26.5119
2118	13.7423	25.1411
2119	13.901	25.7368
2120	14.7819	26.643
2121	13.924	25.2906
2122	14.8233	26.2842
2123	14.0068	28.3795
2124	13.464	27.5055
2125	15.4466	26.4107
2126	14.7359	27.4825
2127	14.1885	27.6826
2128	14.4691	25.2446
2129	15.6881	26.9742
2130	13.0753	28.7199
2131	13.0477	26.8408
2132	14.7451	24.9019
2133	14.2598	26.0105
2134	14.4254	27.8022
2135	12.9051	25.7805
2136	14.9406	27.6757
2137	13.0615	26.965
2138	14.0459	26.3463
2139	13.3881	26.1278
2140	14.3127	25.9645
2141	14.7359	27.5722
2142	14.1839	26.3417
2143	13.3536	26.3026
2144	13.4962	26.5947
2145	13.9907	25.6471
2146	13.2409	26.8707
2147	14.0666	26.9903
2148	13.4801	27.5791
2149	16.914	26.6821
2150	14.5611	26.9167
2151	14.4737	26.8224
2152	13.8021	26.9673
2153	13.1466	26.896
2154	13.1627	26.8454
2155	15.5961	25.0813
2156	14.729	27.4756
2157	15.1177	27.7953
2158	14.568	25.7483
2159	12.6613	26.5349
2160	13.9953	26.8615
2161	13.6825	26.7695
2162	13.2593	27.5952
2163	14.2368	26.9742
2164	14.1678	26.0542
2165	14.6738	27.7746
2166	14.2115	25.9898
2167	14.1586	25.5413
2168	14.3587	26.0542
2169	13.4985	27.1513
2170	14.0919	26.0703
2171	14.6232	26.2865
2172	13.9631	27.5032
2173	13.855	26.6223
2174	13.8412	26.2428
2175	14.5059	27.3077
2176	14.0873	28.6118
2177	13.1742	26.9213
2178	13.4686	26.9489
2179	14.0804	27.5331
2180	14.8854	26.9443
2181	13.8136	25.9277
2182	14.0919	26.5947
2183	14.5289	26.5602
2184	14.6807	25.7828
2185	15.1476	26.3417
2186	15.3868	26.2612
2187	13.4548	26.758
2188	13.0592	28.0368
2189	13.4088	27.1513
2190	13.2317	27.8551
2191	14.5542	26.1278
2192	13.0983	25.2354
2193	14.1195	25.7161
2194	12.8085	26.574
2195	13.2501	26.5096
2196	14.7727	26.4866
2197	13.4709	27.3031
2198	13.7538	27.9471
2199	13.7906	26.2635
2200	14.4806	27.5561
2201	24.435	27.8137
2202	25.3136	28.0115
2203	26.0795	28.0667
2204	23.8025	26.9719
2205	25.4148	27.2663
2206	24.9663	29.15
2207	25.2216	27.1743
2208	24.4166	28.5175
2209	25.4194	26.6568
2210	24.5891	27.4296
2211	25.5597	26.9328
2212	24.7616	26.4866
2213	25.7759	28.6923
2214	26.6936	28.1863
2215	24.3637	26.8707
2216	25.1963	27.2479
2217	28.7268	26.7212
2218	25.7506	27.0731
2219	26.1048	26.1876
2220	24.0325	26.4337
2221	25.4378	27.5952
2222	25.7138	28.7935
2223	26.1416	28.5451
2224	25.1825	26.3578
2225	24.8375	27.8896
2226	25.2952	27.057
2227	24.5776	27.8206
2228	25.1917	27.563
2229	24.9341	28.2507
2230	23.3747	28.3703
2231	25.9599	28.5796
2232	24.0601	27.1904
2233	25.4815	29.3616
2234	24.5385	29.7963
2235	26.1899	28.0414
2236	24.1291	27.4181
2237	24.849	27.5837
2238	25.7736	27.4549
2239	24.7984	27.4687
2240	25.7943	28.4807
2241	24.9962	27.8045
2242	24.5431	28.6923
2243	24.2993	28.5497
2244	26.0772	28.7268
2245	25.6862	27.7378
2246	25.9944	27.0202
2247	23.2252	29.2466
2248	25.6195	29.8538
2249	24.136	28.4922
2250	24.9548	28.7107
2251	25.2032	28.3381
2252	24.2487	27.5078
2253	26.4567	29.012
2254	25.3389	27.8574
2255	26.2635	28.6946
2256	25.2883	28.0391
2257	26.5119	27.8436
2258	25.2262	27.5193
2259	25.4171	27.1099
2260	25.5712	27.3077
2261	26.0634	27.0685
2262	24.9571	28.4646
2263	25.0997	29.0787
2264	25.1687	29.1247
2265	24.4005	27.6872
2266	26.3831	29.2351
2267	25.5114	28.9407
2268	24.8559	27.1191
2269	24.32	28.0989
2270	23.745	27.4066
2271	25.5367	27.8045
2272	25.4286	28.0506
2273	24.9065	26.6867
2274	25.5413	28.3427
2275	25.884	27.9586
2276	27.8666	29.2903
2277	26.3302	28.2829
2278	25.9622	27.0064
2279	25.7414	28.1334
2280	23.8485	28.0069
2281	25.4976	25.1802
2282	24.8996	27.3928
2283	25.6701	27.126
2284	25.9852	28.5313
2285	25.4309	27.8873
2286	27.1099	27.0593
2287	25.4815	27.2479
2288	24.0946	27.0938
2289	24.6052	27.655
2290	24.8191	25.0031
2291	25.2607	27.3514
2292	25.3849	29.4375
2293	24.2441	27.6481
2294	24.6696	26.8523
2295	24.228	27.1076
2296	25.3711	28.2898
2297	24.412	27.4043
2298	24.7938	28.7429
2299	25.1411	27.0064
2300	24.2717	27.6274
2301	26.6821	22.9722
2302	26.0749	22.4961
2303	26.6775	21.4588
2304	26.7143	21.8613
2305	27.2157	23.9359
2306	27.126	21.974
2307	27.3537	21.5945
2308	27.2824	21.4749
2309	26.9581	22.4662
2310	27.0432	21.9487
2311	26.942	22.342
2312	26.3394	23.2551
2313	25.3734	21.7762
2314	26.2865	21.5646
2315	26.8891	21.9648
2316	27.103	21.3277
2317	27.6159	22.319
2318	26.2612	22.4294
2319	27.126	20.7527
2320	26.5671	21.33
2321	26.7488	22.7054
2322	26.5165	22.5467
2323	26.6292	22.1626
2324	27.6941	23.5265
2325	26.6108	22.1097
2326	27.1421	21.7877
2327	26.7051	20.7803
2328	27.5883	22.0154
2329	25.5252	21.5439
2330	26.0588	21.1207
2331	26.6752	22.0959
2332	26.8339	21.2219
2333	27.0202	20.6561
2334	26.9351	21.9096
2335	26.1876	22.9998
2336	27.3238	20.5319
2337	26.1002	19.7499
2338	25.7713	23.0297
2339	26.3578	21.6359
2340	26.2566	21.8889
2341	27.8689	21.7693
2342	27.7263	22.5467
2343	26.229	22.0982
2344	26.5349	21.9763
2345	26.459	22.4087
2346	26.4084	21.5577
2347	27.1375	22.4524
2348	25.0422	23.0872
2349	27.3514	20.5894
2350	27.793	22.5352
2351	26.5119	22.5099
2352	27.2387	22.3006
2353	25.8196	21.0839
2354	26.7212	21.008
2355	26.6959	21.6589
2356	25.9139	23.2183
2357	27.1697	22.112
2358	27.2525	21.8613
2359	26.2221	21.675
2360	26.7925	21.3829
2361	26.0542	23.1378
2362	27.2548	20.8562
2363	26.6545	22.6042
2364	26.8224	22.4156
2365	27.1076	22.365
2366	27.1881	21.6888
2367	27.5768	21.5899
2368	26.321	22.0292
2369	25.4033	22.7284
2370	27.0593	21.629
2371	27.4135	22.3443
2372	26.2175	21.5738
2373	27.0225	22.4984
2374	27.2571	22.6479
2375	25.8679	22.0039
2376	27.8367	22.6226
2377	26.7051	23.3057
2378	28.092	22.8411
2379	26.9305	22.4064
2380	26.5648	21.1506
2381	28.1426	21.4956
2382	27.3192	22.4041
2383	26.6246	21.2403
2384	26.114	21.3047
2385	25.4723	22.5513
2386	27.4181	21.5715
2387	27.2617	20.0374
2388	26.6614	21.4542
2389	28.5014	21.9326
2390	27.0455	22.5789
2391	28.1035	21.3898
2392	27.103	21.8475
2393	26.5487	21.4795
2394	26.9006	21.261
2395	26.3693	22.6318
2396	26.5372	23.3103
2397	27.3606	24.0371
2398	26.2612	22.6134
2399	25.2883	22.1902
2400	25.7184	22.4915
2401	22.6801	4.5492
2402	22.2454	5.8211
2403	22.0936	6.1063
2404	22.9837	6.2075
2405	21.2196	5.7636
2406	20.3709	6.0534
2407	23.1792	5.0713
2408	21.813	7.0953
2409	21.5025	5.4853
2410	22.9193	4.3583
2411	21.3392	5.7406
2412	22.3282	5.3519
2413	21.8153	5.2323
2414	22.2132	4.6412
2415	21.4519	4.701
2416	22.5651	6.0718
2417	21.8659	6.0028
2418	22.6755	4.6021
2419	20.0857	6.1937
2420	20.9988	5.2645
2421	22.1925	6.4467
2422	22.0982	6.0925
2423	22.135	5.9821
2424	22.9492	4.6412
2425	22.963	4.5193
2426	22.1879	5.8441
2427	20.8401	5.6946
2428	21.6589	6.6928
2429	22.1695	5.3703
2430	22.158	6.104
2431	21.2081	4.8758
2432	21.5347	5.2714
2433	21.2725	4.5607
2434	22.6617	6.4421
2435	22.5007	5.3381
2436	21.5071	5.0897
2437	22.3466	6.1316
2438	21.4519	3.8776
2439	23.5403	6.1569
2440	22.2224	4.6734
2441	21.3185	5.9177
2442	21.1575	4.8804
2443	22.2431	5.3795
2444	23.5955	5.3795
2445	22.4547	6.2811
2446	22.5674	4.7677
2447	21.7739	4.0938
2448	21.8199	5.8234
2449	21.6589	5.4646
2450	21.3576	6.4306
2451	23.2689	6.0051
2452	22.7537	5.5934
2453	22.1695	5.7728
2454	22.5812	5.0437
2455	22.9814	6.8515
2456	22.6364	6.8653
2457	22.7606	5.9407
2458	21.8705	4.1858
2459	23.1194	5.621
2460	23.0527	5.1702
2461	23.0159	5.9131
2462	22.0568	5.782
2463	21.9027	4.701
2464	21.6589	5.8602
2465	21.8475	6.7549
2466	20.341	5.5658
2467	21.8774	5.2231
2468	21.8682	4.8482
2469	22.0729	5.2691
2470	21.9257	5.4048
2471	21.5692	4.5561
2472	22.2086	5.5221
2473	22.5421	5.874
2474	20.1501	7.231
2475	23.0205	5.2093
2476	21.8406	7.001
2477	22.5352	5.8878
2478	23.2505	5.1886
2479	23.6668	7.5024
2480	20.7504	5.2898
2481	22.4432	4.0892
2482	22.2569	5.9798
2483	22.2707	5.5773
2484	21.859	4.8827
2485	22.6456	6.702
2486	23.2919	5.1196
2487	23.8761	6.3754
2488	22.296	6.0051
2489	21.8153	6.0718
2490	21.7371	5.3979
2491	22.6571	5.2806
2492	22.3903	6.3869
2493	22.2247	5.6302
2494	22.2201	5.4071
2495	21.2311	5.9867
2496	21.767	6.2696
2497	21.7233	6.5387
2498	22.2569	5.8441
2499	21.583	3.7925
2500	21.2541	5.5934
2501	22.8871	16.8542
2502	23.3931	16.4655
2503	22.894	15.2833
2504	25.5804	15.4167
2505	22.5214	15.9871
2506	21.7693	16.2194
2507	22.4432	14.5703
2508	21.9556	16.0653
2509	23.8324	17.3993
2510	22.3397	16.0078
2511	23.6116	16.8404
2512	22.8963	16.2585
2513	21.8843	16.0285
2514	23.0366	15.4144
2515	22.8043	15.4052
2516	21.7555	15.4144
2517	22.6985	16.7001
2518	21.7072	15.5754
2519	22.4754	15.3063
2520	22.9377	16.6817
2521	23.3655	15.718
2522	23.4782	15.7686
2523	23.0274	15.833
2524	21.9648	15.6605
2525	23.0619	16.1826
2526	22.5375	15.9664
2527	21.9142	15.9963
2528	23.2022	16.4287
2529	21.6635	17.351
2530	22.8687	15.1568
2531	22.963	15.9802
2532	23.0596	16.2585
2533	24.2096	16.1205
2534	23.1654	15.2948
2535	21.7072	15.4374
2536	23.2712	16.3643
2537	22.9193	16.4195
2538	21.7509	15.3776
2539	22.9354	15.3661
2540	20.64	17.1739
2541	23.2321	17.7926
2542	23.4	18.3929
2543	23.0895	16.3666
2544	23.5794	16.8703
2545	23.2988	16.385
2546	23.4759	16.8151
2547	22.6594	16.1504
2548	23.2321	15.0257
2549	22.0706	16.063
2550	22.0683	17.2797
2551	24.3039	15.4903
2552	22.7077	15.3845
2553	22.1189	15.8284
2554	24.0785	15.2833
2555	23.3448	16.4908
2556	23.4713	17.6132
2557	22.5559	16.73
2558	23.5242	15.2971
2559	23.1332	16.3298
2560	22.1603	16.9531
2561	22.963	14.8923
2562	23.952	17.282
2563	24.1475	16.7208
2564	23.0366	15.6743
2565	22.3811	15.9434
2566	22.227	15.028
2567	22.9423	17.213
2568	22.3558	16.224
2569	22.9584	15.0786
2570	23.009	16.7116
2571	22.9837	15.8974
2572	23.078	16.0699
2573	21.3024	17.2314
2574	23.0481	16.5184
2575	23.0918	15.3592
2576	22.7675	17.949
2577	22.9308	16.0814
2578	22.9906	18.3239
2579	22.7491	16.6909
2580	21.8383	16.1688
2581	24.067	16.6058
2582	23.0343	16.7691
2583	21.5416	16.1021
2584	21.5853	16.3551
2585	23.5518	15.8422
2586	22.8572	16.2033
2587	23.1953	15.7824
2588	22.9492	14.7543
2589	23.1378	15.9181
2590	23.1447	14.9705
2591	24.0555	16.5621
2592	22.7951	15.5386
2593	24.4787	17.9421
2594	23.4253	17.1509
2595	22.6249	15.419
2596	23.1355	15.9756
2597	22.825	16.4954
2598	24.2257	16.0354
2599	23.3149	17.0014
2600	23.3931	15.9549
2601	22.7215	11.1134
2602	24.2441	11.5734
2603	23.0159	10.9478
2604	22.0867	12.5348
2605	23.9543	11.5849
2606	21.8222	10.9639
2607	24.0417	11.7804
2608	22.0499	11.9115
2609	22.5191	11.2744
2610	22.3903	11.2629
2611	22.7606	11.4193
2612	22.4938	11.4699
2613	22.4432	11.1341
2614	23.5541	13.1167
2615	22.9791	11.5803
2616	22.7652	12.7142
2617	20.3709	10.9524
2618	23.4253	10.8558
2619	22.4455	11.9138
2620	23.2436	13.487
2621	21.3783	11.8586
2622	22.7974	10.7477
2623	23.2137	12.5578
2624	23.7956	12.9327
2625	22.5674	13.0707
2626	23.0228	11.9667
2627	21.7394	10.7822
2628	22.0062	11.5826
2629	21.3415	13.1121
2630	22.0315	11.5297
2631	22.687	10.8949
2632	22.1718	12.0035
2633	24.0233	13.2179
2634	23.5518	12.2174
2635	22.9032	11.5274
2636	21.6221	12.1691
2637	22.6318	10.7615
2638	22.2155	12.1599
2639	22.273	11.9322
2640	23.9175	12.9258
2641	22.365	11.8701
2642	22.4915	11.7137
2643	23.8278	12.7579
2644	23.607	12.1553
2645	23.308	11.0191
2646	23.9451	10.2923
2647	22.4064	12.5371
2648	22.4984	11.9575
2649	21.997	10.8144
2650	23.2459	11.8011
2651	22.2891	11.9874
2652	23.1539	11.417
2653	22.8641	13.142
2654	21.6336	12.2312
2655	23.2252	11.9989
2656	22.3719	11.7413
2657	23.8577	11.8126
2658	23.1792	11.1111
2659	21.7187	12.2818
2660	23.4483	12.1691
2661	23.0826	12.4566
2662	23.0044	11.4331
2663	21.905	12.4359
2664	22.7514	11.2008
2665	24.1981	10.8604
2666	23.1677	12.3209
2667	21.6865	12.2335
2668	22.3673	13.2616
2669	22.9216	11.6309
2670	21.6865	12.0403
2671	22.1672	10.8006
2672	21.9579	11.3549
2673	22.8963	11.7505
2674	22.917	11.1272
2675	23.2712	12.3209
2676	22.7146	12.0081
2677	22.0315	12.2726
2678	22.2868	10.52
2679	22.9308	13.2455
2680	21.7808	12.1047
2681	23.8094	12.4106
2682	22.4639	11.3641
2683	22.1557	11.4308
2684	22.6686	11.7321
2685	22.7123	12.0771
2686	23.722	11.7367
2687	22.7399	11.5044
2688	22.3581	11.6424
2689	22.0683	12.2864
2690	22.457	11.3158
2691	22.5099	12.1093
2692	21.8544	11.164
2693	22.6157	11.8517
2694	24.0946	11.9874
2695	22.1994	11.6861
2696	23.1723	11.2399
2697	22.963	11.9
2698	22.411	12.2703
2699	23.3218	12.659
2700	23.2321	12.0426
2701	10.4027	23.6553
2702	10.0117	24.0394
2703	10.5499	23.9474
2704	10.7523	25.4355
2705	8.7766	25.2837
2706	9.4689	23.4667
2707	10.7822	23.3402
2708	10.9662	23.8646
2709	10.0669	26.0749
2710	9.6069	25.0698
2711	9.5149	25.0882
2712	11.1755	25.9967
2713	11.0122	25.3412
2714	10.0255	23.9773
2715	9.6184	25.3987
2716	10.4326	24.5178
2717	9.0825	22.135
2718	8.6547	24.757
2719	10.7776	24.4902
2720	9.4114	24.4695
2721	10.1796	24.6857
2722	10.6787	23.9934
2723	11.4814	24.4327
2724	9.3999	23.6622
2725	10.2762	24.6512
2726	10.9202	24.7708
2727	9.2458	24.849
2728	10.4142	24.5201
2729	9.9289	24.7915
2730	10.0439	24.3936
2731	10.5476	23.6208
2732	10.4119	25.9737
2733	11.0766	23.8715
2734	9.7886	24.5592
2735	9.9611	24.4396
2736	10.2762	24.4235
2737	10.9639	24.964
2738	10.5982	24.7616
2739	10.1405	23.2942
2740	11.3664	23.8531
2741	10.3452	24.2947
2742	10.3567	24.3867
2743	9.9082	24.849
2744	9.393	23.239
2745	11.7551	23.9796
2746	10.1313	25.0284
2747	9.8162	23.8945
2748	9.4712	24.7915
2749	10.175	25.1779
2750	10.3452	24.6535
2751	9.5839	25.4516
2752	9.5103	25.9369
2753	10.7155	23.0527
2754	9.7679	25.0077
2755	11.0099	24.4534
2756	10.8903	24.734
2757	9.2596	24.2211
2758	8.519	22.8986
2759	10.612	25.2032
2760	10.5522	22.9055
2761	11.4009	23.9819
2762	10.0002	24.0486
2763	11.555	25.0399
2764	10.819	24.8168
2765	9.6276	24.3108
2766	11.0674	24.2165
2767	10.9041	24.0095
2768	9.1814	25.3895
2769	9.8599	24.1199
2770	9.922	23.7059
2771	10.1244	25.0031
2772	9.7472	24.2947
2773	11.003	24.2372
2774	10.2026	24.1153
2775	11.3526	23.5058
2776	10.681	23.3356
2777	10.5315	24.9571
2778	11.0122	25.0905
2779	10.3958	23.4368
2780	9.8024	23.9704
2781	9.8484	23.8393
2782	10.5706	23.8761
2783	10.1773	24.7271
2784	10.819	23.8324
2785	11.8563	25.9346
2786	10.083	24.1015
2787	9.508	23.8439
2788	9.5333	24.8697
2789	10.4303	23.4759
2790	9.1814	24.9732
2791	10.5844	23.7749
2792	9.485	22.9354
2793	10.1796	22.3167
2794	10.589	23.8531
2795	8.8203	25.0905
2796	10.6258	24.2096
2797	10.4395	24.0164
2798	10.4441	24.0785
2799	9.4528	24.5615
2800	10.3567	24.3154
2801	14.4783	21.7647
2802	15.0487	22.5398
2803	14.5358	22.388
2804	14.7934	23.147
2805	15.3822	21.7624
2806	16.8105	21.8291
2807	16.2838	22.4271
2808	16.5644	21.0103
2809	16.0653	22.5444
2810	16.5874	22.4708
2811	15.7042	22.1419
2812	17.2015	20.7826
2813	15.7318	22.4915
2814	15.1269	20.4468
2815	15.8468	22.8572
2816	15.8353	21.6865
2817	16.5874	23.3931
2818	14.7865	22.2086
2819	14.6968	21.8751
2820	15.7042	22.8664
2821	14.5174	22.7054
2822	15.2672	21.422
2823	15.2534	20.9712
2824	15.9871	21.9648
2825	15.1292	23.0343
2826	15.5662	22.6916
2827	17.3924	20.8516
2828	16.1297	22.1419
2829	15.2465	22.1695
2830	14.6692	20.8608
2831	14.5818	23.2758
2832	15.3132	21.5485
2833	15.1729	22.8503
2834	15.2557	21.2265
2835	15.7594	21.7693
2836	15.5547	21.9096
2837	14.3173	23.2896
2838	14.8601	22.2891
2839	14.5657	23.1976
2840	14.8003	22.2086
2841	14.9958	21.8866
2842	14.6485	21.1368
2843	14.6002	21.8406
2844	14.982	21.0034
2845	15.1269	21.6566
2846	15.3132	22.3558
2847	14.9429	21.4496
2848	15.4903	21.3415
2849	14.6623	21.3277
2850	15.0809	22.6709
2851	15.0901	21.3346
2852	15.7479	22.6985
2853	15.9986	22.802
2854	15.7502	21.8912
2855	15.8882	22.595
2856	14.66	22.2569
2857	16.1918	21.468
2858	15.4489	20.9597
2859	14.5519	21.9878
2860	15.3799	21.3116
2861	16.2401	21.6934
2862	17.0106	21.8383
2863	14.9291	23.4138
2864	15.6467	21.1575
2865	15.5018	20.7596
2866	15.6421	21.5025
2867	15.6352	21.3944
2868	15.8008	21.5738
2869	14.9314	22.181
2870	14.177	21.3622
2871	14.3909	22.1925
2872	14.9613	21.2081
2873	15.6858	21.1207
2874	15.8905	21.1069
2875	16.1343	21.1414
2876	15.8215	22.1373
2877	14.4921	21.5531
2878	15.8974	21.4841
2879	14.2529	21.6911
2880	16.4356	23.4874
2881	16.0354	23.2482
2882	15.8629	23.6714
2883	14.3909	21.7141
2884	16.6104	20.9459
2885	15.6766	22.3811
2886	14.8877	21.9073
2887	15.4742	21.9694
2888	15.8169	21.7762
2889	15.5846	22.5053
2890	15.1706	21.7762
2891	15.3247	22.3926
2892	15.879	20.4192
2893	14.844	22.0729
2894	15.2695	21.4933
2895	14.5887	23.3172
2896	15.5731	21.2449
2897	15.81	21.2794
2898	15.6766	22.2086
2899	14.9406	22.526
2900	13.9999	21.6474
2901	6.2144	11.6723
2902	5.8073	11.3227
2903	5.5474	10.2233
2904	3.9811	10.7615
2905	5.4117	11.0053
2906	4.2272	10.2279
2907	6.2282	10.1543
2908	4.5929	8.9054
2909	5.4991	9.5954
2910	4.0708	10.5844
2911	3.9788	10.2233
2912	4.1237	10.2187
2913	4.0616	9.9979
2914	4.563	10.7086
2915	4.3353	10.1658
2916	4.8735	9.8599
2917	4.3583	9.3102
2918	5.2829	10.1911
2919	4.6527	9.4068
2920	5.4255	11.8103
2921	4.7194	9.5149
2922	4.9126	10.589
2923	3.8776	10.9777
2924	4.6159	10.1152
2925	5.2714	9.2826
2926	5.2875	10.1497
2927	4.954	8.9307
2928	4.0662	9.8415
2929	4.8758	10.9915
2930	6.1316	9.3102
2931	4.6596	10.2854
2932	5.5773	9.5034
2933	5.5474	10.2647
2934	4.5653	10.566
2935	6.1201	9.4137
2936	4.8482	9.3102
2937	4.6596	11.0214
2938	5.5819	9.9933
2939	5.1058	11.5274
2940	4.8068	8.1395
2941	5.897	10.2325
2942	5.4899	10.957
2943	4.8781	9.5425
2944	4.5354	9.4436
2945	4.8827	10.2486
2946	6.2673	10.819
2947	4.8091	9.6529
2948	5.8924	10.6465
2949	5.2737	10.98
2950	5.2369	9.0848
2951	5.9798	9.3447
2952	4.7378	10.6833
2953	5.644	10.6327
2954	4.54	9.278
2955	5.2576	10.957
2956	4.701	9.1423
2957	6.1247	10.6741
2958	5.9821	9.4137
2959	3.8017	10.704
2960	4.1605	10.0416
2961	5.4876	10.7247
2962	4.2916	9.1492
2963	6.081	10.1612
2964	5.069	10.8397
2965	6.8055	9.4459
2966	3.9742	10.1819
2967	4.8781	10.2095
2968	4.3974	8.7605
2969	6.3662	9.4045
2970	4.6619	10.4648
2971	5.552	9.715
2972	4.3974	10.3866
2973	5.1196	10.2118
2974	5.7222	10.5177
2975	4.7033	9.3608
2976	4.8965	9.1515
2977	5.4692	10.0094
2978	6.1109	10.6695
2979	4.3422	11.5504
2980	5.2484	9.4206
2981	4.8574	9.7219
2982	5.5566	11.1801
2983	5.6578	9.3424
2984	4.701	9.8783
2985	4.632	11.6723
2986	5.0115	10.3981
2987	5.6555	10.2969
2988	4.9885	10.6557
2989	5.7636	10.5085
2990	5.483	11.1111
2991	5.7935	10.6005
2992	5.0092	11.5159
2993	4.7976	9.6897
2994	5.7222	9.7472
2995	6.2144	9.8277
2996	5.4899	10.7086
2997	5.2323	10.198
2998	4.1076	10.7132
2999	4.6872	11.7666
3000	5.5198	10.1681
3001	5.8441	17.3993
3002	4.6182	17.7535
3003	5.368	17.5005
3004	6.0672	15.9986
3005	5.8533	16.4103
3006	5.4899	17.2774
3007	5.6279	16.5667
3008	5.0253	18.156
3009	6.6882	16.2424
3010	5.897	17.3625
3011	5.1173	16.7461
3012	5.6118	17.3809
3013	6.0511	16.1021
3014	4.3192	16.661
3015	5.9775	17.8248
3016	5.9223	16.9899
3017	5.7889	16.8933
3018	5.5267	16.0883
3019	6.7181	17.5971
3020	5.4508	15.3776
3021	5.7498	17.0014
3022	5.7406	15.9641
3023	7.0309	16.73
3024	5.4117	17.0819
3025	4.3307	17.2567
3026	5.8993	16.5437
3027	6.2075	15.6697
3028	6.0741	17.696
3029	5.253	16.8128
3030	4.5354	15.8491
3031	6.1132	16.0446
3032	5.2484	17.6615
3033	6.6767	15.7387
3034	6.1086	17.3855
3035	5.7935	17.8478
3036	6.1132	16.1872
3037	5.8004	15.4972
3038	6.7388	17.2337
3039	6.1891	18.1169
3040	5.0644	17.5649
3041	4.8758	16.5598
3042	5.0828	17.7834
3043	5.7935	17.4499
3044	6.7802	16.983
3045	4.862	17.1118
3046	6.0465	17.5051
3047	5.5888	16.3114
3048	6.3455	16.8772
3049	5.7084	15.7893
3050	6.2535	16.4954
3051	6.6537	17.0198
3052	6.2052	15.6674
3053	6.3018	15.7893
3054	5.9453	16.7967
3055	5.6394	17.9766
3056	5.4761	16.9186
3057	7.0608	16.086
3058	4.7562	17.8777
3059	5.4531	17.4154
3060	6.1155	16.8772
3061	5.9936	17.7029
3062	4.8643	16.0814
3063	5.4968	16.1826
3064	6.0442	17.0934
3065	6.3409	17.7857
3066	4.7217	16.0055
3067	7.0493	16.224
3068	5.0552	18.5217
3069	5.4416	18.4987
3070	6.9872	17.2383
3071	5.1311	16.6817
3072	7.4311	18.3331
3073	6.0879	16.1205
3074	5.8878	16.3781
3075	6.2121	17.9582
3076	6.9849	17.1785
3077	5.3542	17.2015
3078	7.2149	16.7944
3079	6.8906	16.0952
3080	5.552	15.557
3081	6.0488	16.2102
3082	5.7498	16.5069
3083	6.3064	16.8243
3084	5.3266	16.6725
3085	6.4237	17.4706
3086	5.1909	16.1458
3087	5.8947	16.2677
3088	5.4669	17.7489
3089	4.816	17.0037
3090	5.8901	16.9393
3091	6.0419	17.3625
3092	6.5456	16.6978
3093	6.0626	17.0865
3094	5.1219	18.4274
3095	7.3414	16.8197
3096	5.138	16.615
3097	5.736	16.9991
3098	5.276	17.2475
3099	6.4444	16.2033
3100	7.162	18.1836